============================= test session starts ==============================
platform linux -- Python 3.14.8, pytest-9.0.2, pluggy-1.6.0
benchmark: 5.2.3 (defaults: timer=time.perf_counter disable_gc=True min_rounds=5 min_time=0.000005 max_time=1.0 calibration_precision=10 warmup=False warmup_iterations=5)
rootdir: /home/darek/repos/137s/graph-benchmark-ldbc-complex
configfile: pyproject.toml
plugins: anyio-4.12.1, benchmark-5.2.3, asyncio-1.3.0, Faker-40.1.2
asyncio: mode=Mode.STRICT, debug=False, asyncio_default_fixture_loop_scope=None, asyncio_default_test_loop_scope=function
collected 30 items

benchmark_query.py ..............................                        [100%]
Wrote benchmark data in: <_io.BufferedWriter name='../results/falkordb-6.0.2.json'>



----------------------------------------------------------------------------------------------------------- benchmark: 30 tests -----------------------------------------------------------------------------------------------------------
Name (time in us)                      Min                        Max                       Mean                  StdDev                     Median                       IQR            Outliers         OPS            Rounds  Iterations
-------------------------------------------------------------------------------------------------------------------------------------------------------------------------------------------------------------------------------------------
test_benchmark_query1             199.0418 (1.28)            551.6019 (1.12)            263.7304 (1.19)          35.7608 (1.16)            257.3710 (1.19)            42.1788 (1.52)       227;22  3,791.7509 (0.84)        903           1
test_benchmark_query10            187.3500 (1.20)            751.1759 (1.52)            248.6442 (1.12)          34.7794 (1.13)            241.5670 (1.12)            36.1581 (1.31)       511;76  4,021.8118 (0.89)       2326           1
test_benchmark_query11          8,713.5741 (56.02)        13,823.2540 (28.05)         9,922.2412 (44.83)        771.3907 (25.00)         9,718.9650 (44.94)          811.5304 (29.31)        23;3    100.7837 (0.02)         89           1
test_benchmark_query12          1,300.2830 (8.36)          3,628.9799 (7.36)          2,055.9575 (9.29)         476.5972 (15.45)         1,993.5805 (9.22)           716.8464 (25.89)        97;1    486.3914 (0.11)        272           1
test_benchmark_query13          3,093.8089 (19.89)         6,885.2522 (13.97)         4,552.4565 (20.57)        804.9540 (26.09)         4,557.2264 (21.07)        1,235.6675 (44.64)        53;0    219.6616 (0.05)        152           1
test_benchmark_query14            165.4401 (1.06)            625.3701 (1.27)            230.8165 (1.04)          38.1954 (1.24)            223.7889 (1.03)            40.7386 (1.47)       360;58  4,332.4455 (0.96)       1835           1
test_benchmark_query15            226.1030 (1.45)            786.5219 (1.60)            326.2121 (1.47)          45.3119 (1.47)            319.8190 (1.48)            57.2297 (2.07)       473;28  3,065.4902 (0.68)       1745           1
test_benchmark_query16          6,719.8130 (43.20)        10,022.1022 (20.33)         7,413.1696 (33.50)        457.0250 (14.81)         7,361.3034 (34.04)          474.1676 (17.13)        23;4    134.8951 (0.03)        132           1
test_benchmark_query17          1,261.1800 (8.11)          5,471.3481 (11.10)         1,648.1689 (7.45)         399.9183 (12.96)         1,561.1106 (7.22)           393.5450 (14.22)       28;12    606.7340 (0.13)        510           1
test_benchmark_query18            493.7239 (3.17)          1,116.4690 (2.27)            630.5827 (2.85)          97.9608 (3.17)            596.5715 (2.76)           159.5885 (5.76)        221;5  1,585.8348 (0.35)        736           1
test_benchmark_query19          2,438.0619 (15.67)         4,922.6910 (9.99)          3,161.3387 (14.28)        397.3478 (12.88)         3,142.9110 (14.53)          529.5305 (19.13)        89;4    316.3217 (0.07)        260           1
test_benchmark_query2           7,141.8430 (45.91)        10,293.6900 (20.89)         7,813.0320 (35.30)        512.7553 (16.62)         7,734.5411 (35.76)          543.1718 (19.62)        21;6    127.9913 (0.03)        125           1
test_benchmark_query20            330.5590 (2.13)            857.1830 (1.74)            426.3980 (1.93)          59.9091 (1.94)            409.7666 (1.89)            90.8200 (3.28)       390;12  2,345.2266 (0.52)       1400           1
test_benchmark_query21            235.9408 (1.52)            650.1770 (1.32)            330.0455 (1.49)          49.3858 (1.60)            321.7119 (1.49)            64.3834 (2.33)       396;16  3,029.8856 (0.67)       1315           1
test_benchmark_query22            606.8251 (3.90)          1,140.2329 (2.31)            766.0063 (3.46)         109.1627 (3.54)            726.6545 (3.36)           199.6980 (7.21)        211;0  1,305.4723 (0.29)        552           1
test_benchmark_query23            221.3640 (1.42)            666.4072 (1.35)            315.3187 (1.42)          45.3953 (1.47)            309.5794 (1.43)            55.5640 (2.01)       510;32  3,171.3941 (0.70)       1824           1
test_benchmark_query24            182.7721 (1.17)            627.8551 (1.27)            259.2443 (1.17)          32.5218 (1.05)            254.7868 (1.18)            32.2531 (1.17)       513;91  3,857.3656 (0.85)       2271           1
test_benchmark_query25            155.5511 (1.0)             680.7439 (1.38)            221.3205 (1.0)           30.8554 (1.0)             216.6962 (1.00)            27.6835 (1.0)       493;149  4,518.3341 (1.0)        2543           1
test_benchmark_query26            282.3090 (1.81)            727.3511 (1.48)            371.6871 (1.68)          51.9376 (1.68)            365.0130 (1.69)            68.7936 (2.49)       350;25  2,690.4352 (0.60)       1253           1
test_benchmark_query27            802.1800 (5.16)          2,149.3109 (4.36)          1,060.5220 (4.79)         195.1617 (6.33)          1,048.9330 (4.85)           275.0948 (9.94)       159;12    942.9319 (0.21)        571           1
test_benchmark_query28          6,885.9041 (44.27)        10,773.7489 (21.86)         8,301.5130 (37.51)        617.0592 (20.00)         8,281.6761 (38.29)          695.8039 (25.13)        31;2    120.4600 (0.03)        111           1
test_benchmark_query29          6,595.7520 (42.40)         9,545.3009 (19.37)         7,153.8618 (32.32)        508.0470 (16.47)         6,953.6609 (32.15)          393.1757 (14.20)       20;14    139.7846 (0.03)        135           1
test_benchmark_query3           6,673.1048 (42.90)         9,195.9960 (18.66)         7,187.0229 (32.47)        413.4927 (13.40)         7,082.6919 (32.75)          537.9242 (19.43)        25;3    139.1397 (0.03)        121           1
test_benchmark_query30     74,389,175.5170 (>1000.0)  75,728,603.3300 (>1000.0)  75,154,272.2106 (>1000.0)  593,120.9148 (>1000.0)  75,281,043.7661 (>1000.0)  1,064,959.3978 (>1000.0)       1;0      0.0133 (0.00)          5           1
test_benchmark_query4             167.1130 (1.07)            505.0851 (1.02)            225.1657 (1.02)          34.1729 (1.11)            218.2629 (1.01)            34.1840 (1.23)       236;60  4,441.1743 (0.98)       1288           1
test_benchmark_query5           1,477.3540 (9.50)          3,674.4149 (7.46)          2,148.4910 (9.71)         397.0039 (12.87)         2,107.3429 (9.74)           512.2307 (18.50)       105;6    465.4429 (0.10)        335           1
test_benchmark_query6             167.1328 (1.07)            492.8720 (1.0)             224.6066 (1.01)          31.8229 (1.03)            216.2645 (1.0)             31.1384 (1.12)      363;105  4,452.2293 (0.99)       1860           1
test_benchmark_query7             671.3560 (4.32)          1,439.4929 (2.92)            879.8705 (3.98)         128.6556 (4.17)            882.8619 (4.08)           227.3337 (8.21)        192;2  1,136.5308 (0.25)        477           1
test_benchmark_query8           2,387.4070 (15.35)         4,637.9170 (9.41)          2,962.6516 (13.39)        419.0305 (13.58)         2,893.1230 (13.38)          432.5485 (15.62)        53;9    337.5355 (0.07)        224           1
test_benchmark_query9             184.2352 (1.18)            823.1711 (1.67)            260.1151 (1.18)          37.6320 (1.22)            253.7351 (1.17)            40.6061 (1.47)       460;56  3,844.4515 (0.85)       1982           1
-------------------------------------------------------------------------------------------------------------------------------------------------------------------------------------------------------------------------------------------

Legend:
  Outliers: 1 Standard Deviation from Mean; 1.5 IQR (InterQuartile Range) from 1st Quartile and 3rd Quartile.
  OPS: Operations Per Second, computed as 1 / Mean
======================== 30 passed in 544.52s (0:09:04) ========================
