============================= test session starts ==============================
platform linux -- Python 3.14.0, pytest-9.0.2, pluggy-1.6.0
benchmark: 5.2.3 (defaults: timer=time.perf_counter disable_gc=True min_rounds=5 min_time=0.000005 max_time=1.0 calibration_precision=10 warmup=False warmup_iterations=5)
rootdir: /home/darek/repos/137s/graph-benchmark-ldbc-complex
configfile: pyproject.toml
plugins: anyio-4.12.1, benchmark-5.2.3, asyncio-1.3.0, Faker-40.1.2
asyncio: mode=Mode.STRICT, debug=False, asyncio_default_fixture_loop_scope=None, asyncio_default_test_loop_scope=function
collected 14 items

benchmark_complex14.py ..............                                    [100%]
Wrote benchmark data in: <_io.BufferedWriter name='../results/ladybug-0.21.1-complex14.json'>



--------------------------------------------------------------------------------------- benchmark: 14 tests ---------------------------------------------------------------------------------------
Name (time in ms)                 Min                 Max                Mean             StdDev              Median                IQR            Outliers       OPS            Rounds  Iterations
---------------------------------------------------------------------------------------------------------------------------------------------------------------------------------------------------
test_benchmark_complex1       71.2001 (14.09)     73.6156 (10.81)     72.8105 (12.55)     0.9539 (2.77)      73.1220 (12.67)     1.0526 (2.39)          1;0   13.7343 (0.08)          5           1
test_benchmark_complex10     446.3085 (88.34)    468.7702 (68.82)    454.0034 (78.24)     8.6693 (25.15)    450.7860 (78.14)     8.1200 (18.45)         1;0    2.2026 (0.01)          5           1
test_benchmark_complex11      15.4207 (3.05)      18.1572 (2.67)      16.6388 (2.87)      0.7028 (2.04)      16.4663 (2.85)      0.9360 (2.13)         14;0   60.1004 (0.35)         51           1
test_benchmark_complex12     405.2211 (80.21)    432.8941 (63.55)    421.8481 (72.70)    10.7939 (31.32)    425.2620 (73.71)    14.6808 (33.35)         2;0    2.3705 (0.01)          5           1
test_benchmark_complex13       5.0521 (1.0)        6.8116 (1.0)        5.8025 (1.0)       0.3570 (1.04)       5.7692 (1.0)       0.4402 (1.0)          29;3  172.3407 (1.0)         108           1
test_benchmark_complex14     220.6928 (43.68)    229.9917 (33.76)    224.5870 (38.71)     3.6200 (10.50)    224.5929 (38.93)     5.1090 (11.61)         2;0    4.4526 (0.03)          5           1
test_benchmark_complex2       71.8502 (14.22)     79.1045 (11.61)     75.2640 (12.97)     2.8992 (8.41)      75.7929 (13.14)     4.5136 (10.25)         2;0   13.2866 (0.08)          5           1
test_benchmark_complex3      480.8902 (95.19)    495.3223 (72.72)    485.5289 (83.68)     6.3436 (18.40)    481.5151 (83.46)     9.0964 (20.67)         1;0    2.0596 (0.01)          5           1
test_benchmark_complex4      208.4619 (41.26)    217.7277 (31.96)    211.7989 (36.50)     3.5717 (10.36)    211.0250 (36.58)     3.9906 (9.07)          1;0    4.7215 (0.03)          5           1
test_benchmark_complex5      877.1445 (173.62)   906.7562 (133.12)   892.8466 (153.87)   13.7433 (39.87)    896.2486 (155.35)   25.8538 (58.74)         2;0    1.1200 (0.01)          5           1
test_benchmark_complex6      642.1255 (127.10)   677.3887 (99.45)    656.2625 (113.10)   13.7276 (39.83)    651.0419 (112.85)   18.2314 (41.42)         2;0    1.5238 (0.01)          5           1
test_benchmark_complex7       72.4014 (14.33)     77.5353 (11.38)     75.2920 (12.98)     1.7410 (5.05)      75.5006 (13.09)     2.5252 (5.74)          3;0   13.2816 (0.08)          8           1
test_benchmark_complex8       17.3534 (3.43)      18.2375 (2.68)      17.8001 (3.07)      0.3447 (1.0)       17.7373 (3.07)      0.5168 (1.17)          2;0   56.1794 (0.33)          5           1
test_benchmark_complex9      332.3223 (65.78)    338.7247 (49.73)    336.6862 (58.02)     2.5068 (7.27)     337.5206 (58.50)     1.9813 (4.50)          1;1    2.9701 (0.02)          5           1
---------------------------------------------------------------------------------------------------------------------------------------------------------------------------------------------------

Legend:
  Outliers: 1 Standard Deviation from Mean; 1.5 IQR (InterQuartile Range) from 1st Quartile and 3rd Quartile.
  OPS: Operations Per Second, computed as 1 / Mean
============================= 14 passed in 34.15s ==============================
