============================= test session starts ==============================
platform linux -- Python 3.14.0, pytest-9.0.2, pluggy-1.6.0
benchmark: 5.2.3 (defaults: timer=time.perf_counter disable_gc=True min_rounds=5 min_time=0.000005 max_time=1.0 calibration_precision=10 warmup=False warmup_iterations=5)
rootdir: /home/darek/repos/137s/graph-benchmark-ldbc
configfile: pyproject.toml
plugins: benchmark-5.2.3, anyio-4.12.1, asyncio-1.3.0, Faker-40.1.2
asyncio: mode=Mode.STRICT, debug=False, asyncio_default_fixture_loop_scope=None, asyncio_default_test_loop_scope=function
collected 30 items / 1 deselected / 29 selected

benchmark_query.py .............................                         [100%]
Wrote benchmark data in: <_io.BufferedWriter name='../results/falkordb-4.22.0.json'>



------------------------------------------------------------------------------------------- benchmark: 29 tests -------------------------------------------------------------------------------------------
Name (time in ms)                 Min                   Max                  Mean             StdDev                Median                IQR            Outliers         OPS            Rounds  Iterations
-----------------------------------------------------------------------------------------------------------------------------------------------------------------------------------------------------------
test_benchmark_query1          2.6364 (18.34)        4.3119 (8.78)         3.1324 (15.78)     0.3468 (10.70)        3.0955 (16.31)     0.5744 (20.45)        91;1    319.2406 (0.06)        231           1
test_benchmark_query10         0.2237 (1.56)         0.4911 (1.0)          0.3026 (1.52)      0.0357 (1.10)         0.2979 (1.57)      0.0437 (1.56)       471;41  3,304.3921 (0.66)       1684           1
test_benchmark_query11        15.1065 (105.07)      18.0993 (36.85)       16.0526 (80.85)     0.7767 (23.95)       15.7830 (83.14)     1.0467 (37.25)        18;1     62.2954 (0.01)         58           1
test_benchmark_query12     8,013.5742 (>1000.0)  8,190.7063 (>1000.0)  8,053.7609 (>1000.0)  76.7395 (>1000.0)  8,018.9789 (>1000.0)  52.2525 (>1000.0)       1;1      0.1242 (0.00)          5           1
test_benchmark_query13         1.6309 (11.34)        2.8512 (5.81)         2.0834 (10.49)     0.2684 (8.28)         2.0360 (10.73)     0.4527 (16.11)       120;0    479.9881 (0.10)        329           1
test_benchmark_query14         0.2049 (1.43)         1.2970 (2.64)         0.2816 (1.42)      0.0415 (1.28)         0.2757 (1.45)      0.0389 (1.39)       295;60  3,551.3493 (0.71)       1835           1
test_benchmark_query15         0.2892 (2.01)         0.6954 (1.42)         0.4007 (2.02)      0.0576 (1.78)         0.3947 (2.08)      0.0857 (3.05)       513;10  2,495.3538 (0.50)       1534           1
test_benchmark_query16       102.1288 (710.31)     108.3485 (220.61)     104.9790 (528.73)    2.2921 (70.68)      104.7165 (551.62)    3.4309 (122.11)        4;0      9.5257 (0.00)         10           1
test_benchmark_query17         1.3607 (9.46)         3.1709 (6.46)         1.7059 (8.59)      0.2523 (7.78)         1.6719 (8.81)      0.4036 (14.36)       138;3    586.1918 (0.12)        416           1
test_benchmark_query18         3.3957 (23.62)        5.2332 (10.66)        3.9207 (19.75)     0.3230 (9.96)         3.8245 (20.15)     0.4722 (16.81)        72;4    255.0560 (0.05)        257           1
test_benchmark_query19         4.8014 (33.39)        8.3459 (16.99)        5.8846 (29.64)     0.6872 (21.19)        5.6865 (29.95)     0.7023 (25.00)       29;10    169.9338 (0.03)        158           1
test_benchmark_query2          0.4973 (3.46)         1.0202 (2.08)         0.5969 (3.01)      0.0863 (2.66)         0.5616 (2.96)      0.1030 (3.67)       224;22  1,675.2741 (0.33)        935           1
test_benchmark_query20         0.1681 (1.17)         0.8638 (1.76)         0.2331 (1.17)      0.0329 (1.01)         0.2281 (1.20)      0.0285 (1.01)       221;63  4,289.2652 (0.85)       1386           1
test_benchmark_query21         0.2838 (1.97)         2.2724 (4.63)         0.3723 (1.88)      0.0782 (2.41)         0.3551 (1.87)      0.0660 (2.35)        87;25  2,685.7187 (0.53)       1010           1
test_benchmark_query22         1.1805 (8.21)         2.2408 (4.56)         1.5060 (7.58)      0.2312 (7.13)         1.4697 (7.74)      0.4410 (15.70)       245;0    664.0144 (0.13)        564           1
test_benchmark_query23         0.2360 (1.64)         0.5884 (1.20)         0.3068 (1.55)      0.0393 (1.21)         0.2988 (1.57)      0.0490 (1.74)       384;32  3,259.4382 (0.65)       1368           1
test_benchmark_query24         0.2609 (1.81)         0.6526 (1.33)         0.3435 (1.73)      0.0448 (1.38)         0.3371 (1.78)      0.0646 (2.30)       537;15  2,910.8643 (0.58)       1664           1
test_benchmark_query25         0.6431 (4.47)         3.6991 (7.53)         0.8550 (4.31)      0.1807 (5.57)         0.8194 (4.32)      0.2555 (9.09)         88;5  1,169.5442 (0.23)        723           1
test_benchmark_query26         3.9034 (27.15)        6.1994 (12.62)        4.5557 (22.94)     0.4106 (12.66)        4.4735 (23.57)     0.4485 (15.96)       39;10    219.5054 (0.04)        183           1
test_benchmark_query27         8.7782 (61.05)       12.3890 (25.23)        9.4678 (47.68)     0.5231 (16.13)        9.3415 (49.21)     0.4962 (17.66)        16;4    105.6215 (0.02)        101           1
test_benchmark_query28         0.2961 (2.06)         0.6511 (1.33)         0.3810 (1.92)      0.0565 (1.74)         0.3648 (1.92)      0.0724 (2.58)       273;22  2,624.8281 (0.52)        973           1
test_benchmark_query29         0.1988 (1.38)         0.5587 (1.14)         0.2675 (1.35)      0.0343 (1.06)         0.2614 (1.38)      0.0395 (1.41)       379;44  3,737.8311 (0.74)       1448           1
test_benchmark_query3          0.2721 (1.89)         2.2798 (4.64)         0.3616 (1.82)      0.0687 (2.12)         0.3560 (1.88)      0.0624 (2.22)       152;20  2,765.2279 (0.55)       1414           1
test_benchmark_query4          0.1885 (1.31)         0.4983 (1.01)         0.2522 (1.27)      0.0324 (1.0)          0.2468 (1.30)      0.0354 (1.26)       406;75  3,964.4803 (0.79)       1653           1
test_benchmark_query5          9.7038 (67.49)       12.2421 (24.93)       10.4285 (52.52)     0.4848 (14.95)       10.3310 (54.42)     0.5939 (21.14)        25;3     95.8910 (0.02)         92           1
test_benchmark_query6          1.1795 (8.20)         2.3126 (4.71)         1.4818 (7.46)      0.2263 (6.98)         1.4477 (7.63)      0.4212 (14.99)       267;0    674.8657 (0.13)        609           1
test_benchmark_query7          0.1438 (1.0)          1.5634 (3.18)         0.1985 (1.0)       0.0470 (1.45)         0.1898 (1.0)       0.0281 (1.0)       131;112  5,036.5194 (1.0)        1559           1
test_benchmark_query8          8.4460 (58.74)       12.9324 (26.33)        9.2980 (46.83)     0.8150 (25.13)        9.0797 (47.83)     0.6768 (24.09)        14;9    107.5498 (0.02)        105           1
test_benchmark_query9          0.3564 (2.48)         0.9295 (1.89)         0.5024 (2.53)      0.0848 (2.61)         0.4831 (2.54)      0.1170 (4.16)       204;10  1,990.4306 (0.40)        722           1
-----------------------------------------------------------------------------------------------------------------------------------------------------------------------------------------------------------

Legend:
  Outliers: 1 Standard Deviation from Mean; 1.5 IQR (InterQuartile Range) from 1st Quartile and 3rd Quartile.
  OPS: Operations Per Second, computed as 1 / Mean
================= 29 passed, 1 deselected in 78.34s (0:01:18) ==================
