============================= test session starts ==============================
platform linux -- Python 3.14.0, pytest-9.0.2, pluggy-1.6.0
benchmark: 5.2.3 (defaults: timer=time.perf_counter disable_gc=True min_rounds=5 min_time=0.000005 max_time=1.0 calibration_precision=10 warmup=False warmup_iterations=5)
rootdir: /home/darek/repos/137s/graph-benchmark-ldbc
configfile: pyproject.toml
plugins: benchmark-5.2.3, anyio-4.12.1, asyncio-1.3.0, Faker-40.1.2
asyncio: mode=Mode.STRICT, debug=False, asyncio_default_fixture_loop_scope=None, asyncio_default_test_loop_scope=function
collected 30 items

benchmark_query.py ..............................                        [100%]
Wrote benchmark data in: <_io.BufferedWriter name='../results/falkordb-6.0.1.json'>



----------------------------------------------------------------------------------------------------------- benchmark: 30 tests -----------------------------------------------------------------------------------------------------------
Name (time in us)                      Min                        Max                       Mean                  StdDev                     Median                       IQR            Outliers         OPS            Rounds  Iterations
-------------------------------------------------------------------------------------------------------------------------------------------------------------------------------------------------------------------------------------------
test_benchmark_query1             231.2730 (1.54)          1,066.6050 (2.50)            314.9323 (1.52)          74.6048 (2.82)            297.2770 (1.48)            50.5640 (2.00)        41;26  3,175.2855 (0.66)        623           1
test_benchmark_query10            187.1410 (1.25)            504.3241 (1.18)            252.6134 (1.22)          36.1633 (1.37)            246.0500 (1.22)            41.0547 (1.62)       164;22  3,958.6175 (0.82)        791           1
test_benchmark_query11          9,483.7720 (63.25)        13,027.6510 (30.55)        10,503.0082 (50.65)        854.3510 (32.32)        10,353.1630 (51.45)          994.8710 (39.29)        18;2     95.2108 (0.02)         62           1
test_benchmark_query12          1,311.7441 (8.75)          3,591.3790 (8.42)          1,782.2591 (8.60)         486.5403 (18.41)         1,679.1910 (8.35)           471.4017 (18.62)       22;17    561.0857 (0.12)        185           1
test_benchmark_query13          4,114.6470 (27.44)         8,414.2401 (19.73)         6,187.4945 (29.84)        931.8154 (35.25)         6,308.7210 (31.35)        1,077.2705 (42.54)        47;1    161.6163 (0.03)        133           1
test_benchmark_query14            168.0040 (1.12)            458.4281 (1.08)            230.7989 (1.11)          29.2808 (1.11)            225.6529 (1.12)            28.2960 (1.12)      421;106  4,332.7772 (0.90)       1971           1
test_benchmark_query15            214.2600 (1.43)            539.2689 (1.26)            305.8673 (1.48)          42.0166 (1.59)            297.7120 (1.48)            60.1124 (2.37)       634;19  3,269.3915 (0.68)       1952           1
test_benchmark_query16          6,606.9700 (44.07)         8,833.2640 (20.72)         7,077.3633 (34.13)        437.4976 (16.55)         6,915.2660 (34.37)          465.9971 (18.40)        28;9    141.2956 (0.03)        139           1
test_benchmark_query17          1,377.9580 (9.19)          2,062.0470 (4.84)          1,541.4361 (7.43)         146.1738 (5.53)          1,486.3600 (7.39)           139.2822 (5.50)        54;29    648.7457 (0.13)        321           1
test_benchmark_query18            648.3530 (4.32)          1,312.4550 (3.08)            819.6362 (3.95)         125.8227 (4.76)            759.6910 (3.78)           228.6930 (9.03)        196;1  1,220.0535 (0.25)        564           1
test_benchmark_query19          3,390.9730 (22.62)         5,899.7060 (13.84)         4,445.7177 (21.44)        586.4029 (22.18)         4,297.5895 (21.36)          600.7130 (23.72)        30;7    224.9356 (0.05)         98           1
test_benchmark_query2           6,954.2190 (46.38)         8,568.5190 (20.10)         7,291.9268 (35.17)        353.7939 (13.38)         7,157.9099 (35.57)          337.2605 (13.32)        16;8    137.1380 (0.03)        120           1
test_benchmark_query20            320.6200 (2.14)            750.1340 (1.76)            414.0368 (2.00)          57.2901 (2.17)            396.2315 (1.97)            88.3250 (3.49)        373;6  2,415.2440 (0.50)       1186           1
test_benchmark_query21            250.6189 (1.67)            735.1050 (1.72)            342.5211 (1.65)          53.2805 (2.02)            331.5599 (1.65)            67.6135 (2.67)       386;25  2,919.5283 (0.61)       1353           1
test_benchmark_query22            693.5269 (4.63)          1,494.3550 (3.50)            901.4632 (4.35)         144.0522 (5.45)            894.2875 (4.44)           258.3079 (10.20)       204;3  1,109.3077 (0.23)        532           1
test_benchmark_query23            252.4221 (1.68)            716.1800 (1.68)            336.5214 (1.62)          50.4874 (1.91)            324.1409 (1.61)            70.5215 (2.78)       416;18  2,971.5789 (0.62)       1436           1
test_benchmark_query24            202.9400 (1.35)            609.3900 (1.43)            273.3434 (1.32)          39.5817 (1.50)            263.7930 (1.31)            42.1335 (1.66)       465;70  3,658.4014 (0.76)       1844           1
test_benchmark_query25            149.9299 (1.0)             452.4360 (1.06)            207.3487 (1.0)           32.2349 (1.22)            201.2160 (1.0)             33.2003 (1.31)       455;98  4,822.7937 (1.0)        2039           1
test_benchmark_query26            306.0630 (2.04)            709.2570 (1.66)            404.6217 (1.95)          60.5505 (2.29)            391.3620 (1.94)            85.9955 (3.40)       350;16  2,471.4444 (0.51)       1152           1
test_benchmark_query27          1,030.5680 (6.87)          2,386.9361 (5.60)          1,284.9931 (6.20)         214.9215 (8.13)          1,215.3140 (6.04)           359.5777 (14.20)       121;1    778.2143 (0.16)        395           1
test_benchmark_query28          7,628.2200 (50.88)        10,446.1911 (24.50)         8,461.5246 (40.81)        648.1980 (24.52)         8,373.6840 (41.62)        1,034.1973 (40.84)        35;0    118.1820 (0.02)         91           1
test_benchmark_query29          6,434.7769 (42.92)         8,871.6061 (20.81)         6,867.4941 (33.12)        429.1896 (16.24)         6,702.6385 (33.31)          468.0294 (18.48)        27;8    145.6135 (0.03)        148           1
test_benchmark_query3           6,384.5930 (42.58)         9,323.5309 (21.87)         6,844.2648 (33.01)        494.4298 (18.71)         6,648.5580 (33.04)          429.4060 (16.96)        15;8    146.1077 (0.03)        141           1
test_benchmark_query30     80,781,302.3120 (>1000.0)  82,430,512.8220 (>1000.0)  81,550,674.5684 (>1000.0)  676,002.7687 (>1000.0)  81,353,006.4459 (>1000.0)  1,098,866.2115 (>1000.0)       2;0      0.0123 (0.00)          5           1
test_benchmark_query4             167.4329 (1.12)            438.2000 (1.03)            219.9239 (1.06)          26.4326 (1.0)             215.2130 (1.07)            25.3220 (1.0)        314;89  4,547.0281 (0.94)       1572           1
test_benchmark_query5           1,704.7190 (11.37)         4,038.6149 (9.47)          2,312.9406 (11.15)        524.5516 (19.84)         2,223.8400 (11.05)          542.5645 (21.43)        31;9    432.3501 (0.09)        119           1
test_benchmark_query6             161.6620 (1.08)            461.8540 (1.08)            229.8838 (1.11)          28.8120 (1.09)            224.7200 (1.12)            33.0135 (1.30)       379;45  4,350.0246 (0.90)       1455           1
test_benchmark_query7             165.0380 (1.10)            518.9310 (1.22)            214.5118 (1.03)          30.1818 (1.14)            206.6970 (1.03)            27.3735 (1.08)      377;138  4,661.7482 (0.97)       2055           1
test_benchmark_query8           2,868.3150 (19.13)         7,426.3919 (17.42)         4,211.0252 (20.31)        967.0809 (36.59)         3,909.5985 (19.43)        1,440.3999 (56.88)        47;1    237.4719 (0.05)        148           1
test_benchmark_query9             190.2259 (1.27)            426.3869 (1.0)             261.9053 (1.26)          34.7339 (1.31)            255.3575 (1.27)            43.9580 (1.74)       455;27  3,818.1740 (0.79)       1556           1
-------------------------------------------------------------------------------------------------------------------------------------------------------------------------------------------------------------------------------------------

Legend:
  Outliers: 1 Standard Deviation from Mean; 1.5 IQR (InterQuartile Range) from 1st Quartile and 3rd Quartile.
  OPS: Operations Per Second, computed as 1 / Mean
======================== 30 passed in 589.04s (0:09:49) ========================
